Direction B13: Frequency / Luminance-Constrained Fusion
input_dir: /home/schung760/my_storage2_1T/AIAA3201_Part3_outputs/DirectionB/expanded_strong_st015
num_samples: 40

Top 25 methods/configs by PSNR:
RGB-HF-b0.30-s0.5,40,29.505218,0.814267,0.00117499,0.03367364
RGB-HF-b0.60-s0.4,40,29.504921,0.814324,0.00119469,0.03366787
RGB-HF-b0.40-s0.5,40,29.504659,0.814179,0.00114447,0.03368449
RGB-HF-b0.50-s0.4,40,29.504272,0.814333,0.00120425,0.03366611
RGB-HF-b0.20-s0.5,40,29.504232,0.814314,0.00120267,0.03366715
RGB-HF-b0.10-s0.8,40,29.503559,0.814179,0.00119399,0.03367523
RGB-HF-b0.40-s0.4,40,29.503397,0.814337,0.00121200,0.03366479
RGB-HF-b0.50-s0.5,40,29.502555,0.814051,0.00111367,0.03370022
RGB-HF-b0.30-s0.4,40,29.502296,0.814334,0.00121671,0.03366380
RGB-HF-b0.05-s0.8,40,29.501862,0.814265,0.00122106,0.03366697
RGB-HF-b0.10-s0.5,40,29.501703,0.814322,0.00121804,0.03366382
RGB-HF-b0.20-s0.4,40,29.500967,0.814326,0.00121826,0.03366299
RGB-HF-b0.05-s0.5,40,29.499860,0.814311,0.00121877,0.03366262
RGB-MaskHF-b0.60-s0.8-t0.03,40,29.499765,0.814272,0.00122223,0.03366440
RGB-MaskHF-b0.50-s0.8-t0.03,40,29.499503,0.814277,0.00122318,0.03366386
RGB-HF-b0.10-s0.4,40,29.499413,0.814311,0.00121836,0.03366222
RGB-HF-b0.20-s0.8,40,29.499348,0.813824,0.00111858,0.03371283
RGB-MaskHF-b0.40-s0.8-t0.03,40,29.499204,0.814281,0.00122375,0.03366336
RGB-HF-b0.60-s0.5,40,29.498911,0.813884,0.00108356,0.03372110
RGB-MaskHF-b0.30-s0.8-t0.03,40,29.498868,0.814284,0.00122388,0.03366288
RGB-MaskHF-b0.60-s0.5-t0.03,40,29.498747,0.814293,0.00121873,0.03366228
RGB-HF-b0.60-s0.3,40,29.498695,0.814304,0.00121838,0.03366185
RGB-MaskHF-b0.50-s0.5-t0.03,40,29.498577,0.814293,0.00121873,0.03366214
RGB-HF-b0.05-s0.4,40,29.498551,0.814301,0.00121835,0.03366183
RGB-HF-b0.50-s0.3,40,29.498523,0.814302,0.00121847,0.03366179

Best non-baseline:
{'method': 'RGB-HF-b0.30-s0.5', 'num_frames': 40, 'psnr': 29.505218075189227, 'ssim': 0.8142669409513473, 'laplacian_sharpness': 0.0011749934958061204, 'tde': 0.03367364158233006}
