B19 qualitative zoom panel selection
beta=0.6, sigma=0.4

0,028,00000080,0.03496792,B19_zoom_rank00_seq028_00000080_dpsnr+0.0350.png
1,029,00000020,0.03269336,B19_zoom_rank01_seq029_00000020_dpsnr+0.0327.png
2,003,00000060,0.03040512,B19_zoom_rank02_seq003_00000060_dpsnr+0.0304.png
3,026,00000040,0.02812757,B19_zoom_rank03_seq026_00000040_dpsnr+0.0281.png
4,026,00000080,0.02709318,B19_zoom_rank04_seq026_00000080_dpsnr+0.0271.png
5,003,00000080,0.01758007,B19_zoom_rank05_seq003_00000080_dpsnr+0.0176.png
6,010,00000020,0.00023731,B19_zoom_rank06_seq010_00000020_dpsnr+0.0002.png
7,011,00000020,-0.00016316,B19_zoom_rank07_seq011_00000020_dpsnr-0.0002.png
8,003,00000040,-0.00110939,B19_zoom_rank08_seq003_00000040_dpsnr-0.0011.png
9,010,00000040,-0.00147525,B19_zoom_rank09_seq010_00000040_dpsnr-0.0015.png
10,020,00000020,-0.00191851,B19_zoom_rank10_seq020_00000020_dpsnr-0.0019.png
11,028,00000020,-0.00722870,B19_zoom_rank11_seq028_00000020_dpsnr-0.0072.png
